95 1
0.30455784
1.66001098
-1.62138112
-3.09007608
-1.8449776
-2.7510275
0.7156408
0.46706254
0.74084026
0.55543838
0.3068033
0.09282714
0.30903342
0.4042891
-0.0464795
-0.9728313
-0.41406834
-0.05139918
-0.75276554
-0.6075877
0.34373262
0.4014972
-0.49888772
-0.65480936
0.30483304
-0.70918458
-0.3512147
1.15232726
0.787535
-0.25787108
-0.08557144
0.65681558
-0.2017218
-0.37886192
-0.21043326
0.57299166
0.01963078
0.2131527
0.15743048
-1.21265728
-0.70463972
-0.44533304
0.06626808
-0.3602199
-0.53570248
-0.18289378
-0.1382585
0.15339292
0.35441632
-1.227708
-0.06238416
0.101142
0.14933188
-0.42566896
-0.82586464
0.2495135
-0.24245006
0.21101868
-0.02514772
-0.12504932
0.00164714
0.96376986
-0.07674876
0.14103244
-1.35389602
-0.42830124
0.18193266
-0.66881618
-0.17433316
0.87620696
-0.11799044
0.41522964
0.05357716
-1.0167036
-0.56100462
-0.95134026
-1.24800902
0.36070056
0.75890604
-0.65296004
-0.5858694
0.03783712
0.18327206
0.44730186
0.2956868
0.01696344
0.60659404
0.06842162
0.40146684
0.66722408
-0.01215514
0.1052204
0.4059476
0.02165666
-0.72
