2
3
4
5
6
7
8
9
11
12
13
16
17
19
20
21
22
25
26
27
28
29
30
31
40
45
47
48
49
50
52
53
54
55
56
58
72
210
322
323
324
327
331
332
333
334
335
336
337
340
341
342
343
344
345
346
347
348
351
352
358
359
362
363
364
365
371
372
373
374
375
376
377
378
379
383
384
385
386
387
389
390
391
392
393
394
395
396
397
398
399
400
401
402
403
404
405
411
412
413
414
415
416
417
418
419
420
421
422
423
424
425
426
427
428
429
437
438
439
440
441
442
443
444
445
446
447
448
449
450
451
452
453
454
455
456
457
458
459
460
461
462
463
471
472
473
474
475
476
477
478
479
480
481
482
484
485
486
487
488
489
490
491
492
493
499
500
501
502
503
504
505
506
507
508
509
510
511
512
515
516
517
518
519
520
521
522
523
524
525
529
530
531
532
533
534
535
536
537
538
539
540
543
544
545
546
547
548
549
550
551
552
553
554
555
564
565
566
567
568
569
570
571
572
573
577
578
579
580
581
582
583
584
595
596
597
602
603
604
605
612
613
614
615
619
620
621
630
631
632
633
661
662
663
664
665
666
667
668
669
670
671
672
673
674
675
676
677
678
679
680
681
682
683
684
685
686
687
689
690
691
692
693
694
695
696
697
705
706
707
708
709
710
711
712
721
723
724
725
726
727
728
729
730
731
732
734
735
736
737
738
739
740
741
742
743
744
745
746
747
753
754
755
756
757
758
759
760
761
762
763
764
765
766
767
774
775
776
777
778
779
780
781
788
789
790
791
792
793
794
795
796
797
798
799
800
801
802
803
804
805
806
807
808
809
815
816
817
818
819
820
821
822
823
824
830
831
832
833
834
835
836
837
838
839
843
844
845
846
847
848
849
850
851
852
853
854
855
856
857
858
859
860
861
862
863
864
865
866
867
868
869
870
871
872
873
874
875
876
877
878
879
880
881
882
883
884
885
886
887
889
890
891
892
893
895
896
897
905
906
907
908
909
910
911
912
933
934
935
936
937
938
939
940
941
942
943
944
945
946
947
948
949
954
963
964
965
966
967
968
969
970
971
972
973
974
975
976
977
979
980
981
982
983
984
985
986
987
988
989
990
991
992
993
994
995
996
997
998
999
1000
1001
1002
1003
1004
1005
1006
1007
1008
1015
1016
1017
1018
1019
1020
1021
1022
1023
1024
1025
1026
1027
1028
1029
1032
1033
1078
1079
1107
1108
1109
1110
1111
1112
1120
1121
1122
1123
1125
1126
1127
1128
1129
1130
1131
1136
1137
1138
1139
1140
1141
1142
1143
1144
1145
1417
1418
1419
1420
1421
1422
1423
1424
1425
1426
1427
1428
1429
1430
1431
1432
1433
1434
1435
1436
1437
1438
1439
1440
1441
1442
1443
1444
1445
1446
1447
1448
1449
1450
1451
1452
1453
1454
1455
1456
1457
1458
1459
1460
1461
1462
1463
1464
1465
1466
1467
1468
1469
1470
1471
1472
1473
1474
1475
1476
1477
1482
1483
1484
1485
1486
1487
1488
1489
1490
1491
1492
1493
1494
1495
1496
1497
1498
1499
1500
1501
1502
1503
1504
1505
1506
1507
1508
1509
1514
1515
1516
1517
1518
1519
1520
1521
1522
1523
1524
1525
1526
1527
1528
1529
1530
1531
1532
1533
1534
1535
1536
1537
1538
1539
1540
1541
1542
1543
1544
1545
1546
1547
1548
1549
1550
1551
1552
1553
1554
1555
1556
1557
1558
1559
1560
1561
1562
1563
1564
1565
1566
1567
1574
1575
1576
1577
1578
1579
1580
1581
1582
1583
1584
1585
1586
1587
1588
1589
1590
1591
1592
1593
1594
1595
1596
1603
1604
1605
1606
1607
1608
1609
1610
1611
1612
1613
1614
1615
1616
1617
1618
1619
1620
1621
1622
1623
1624
1625
1626
1627
1628
1629
1630
1631
1632
1633
1634
1635
1636
1637
1638
1639
1640
1647
1648
1649
1650
1651
1652
1653
1654
1655
1656
1657
1658
1659
1660
1661
1662
1663
1664
1665
1666
1667
1668
1669
1670
1673
1674
1675
1676
1677
1678
1679
1680
1681
1682
1683
1684
1697
1698
1699
1700
1701
1702
1703
1704
1705
1706
1707
1708
1709
1710
1712
1713
1714
1715
1716
1717
1718
1719
1720
1721
1722
1723
1724
1727
1728
1729
1730
1731
1732
1733
1736
1737
1738
1739
1740
1741
1742
1743
1744
1745
1746
1747
1748
1749
1750
1751
1752
1753
1754
1755
1756
1757
1768
1769
1770
1771
1772
1773
1774
1775
1776
1777
1778
1779
1780
1781
1782
1785
1786
1787
1788
1789
1790
1791
1792
1796
1797
1798
1799
1800
1801
1802
1803
1813
1814
1821
1822
1834
1839
1840
1841
1853
1856
1859
1860
1881
1882
1883
1884
1885
1886
1887
1888
1889
1890
1891
1892
1893
1894
1895
1896
1897
1898
1899
1900
1901
1902
1903
1904
1905
1906
1907
1908
1909
1910
1911
1912
1913
1914
1915
1916
1917
1918
1919
1920
1921
1922
1923
1924
1925
1937
1938
1939
1940
1941
1942
1943
1954
1955
1956
1957
1975
1976
1977
1978
1979
1980
1981
1982
1983
1984
1986
1987
1988
1989
1990
1991
1992
1993
1994
1995
1996
1997
1998
1999
2000
2001
2002
2003
2004
2005
2034
2035
2036
2037
2038
2039
2040
2041
2043
2045
2046
2047
2052
2053
2054
2055
2056
2057
2058
2059
2060
2061
2062
2063
2064
2065
2066
2067
2068
2069
2070
2071
2072
2074
2075
2076
2077
2078
2079
2080
2083
2084
2085
2088
2096
2105
2110
2111
2114
2115
2118
2126
2127
2128
2129
2130
2132
2133
2134
2135
2140
2141
2143
2144
2148
2149
2150
2151
2152
2153
2154
2155
2156
2157
2158
2159
2160
2161
2162
2163
2179
2189
2190
2191
2192
2194
2195
2197
2198
2199
2200
2201
2263
2264
2267
2270
2271
2272
2273
2274
2275
2276
2277
2278
2279
2280
2281
2282
2283
2284
2285
2286
2287
2288
2289
2290
2291
2292
2293
2294
2295
2296
2297
2298
2299
2300
2301
2302
2303
2304
2305
2306
2307
2308
2309
2310
2311
2312
2313
2314
2315
2316
2317
2318
2319
2320
2321
2322
2323
2324
2325
2326
2327
2328
2329
2330
2331
2332
2333
2334
2335
2336
2337
2338
2339
2340
2341
2342
2343
2344
2345
2346
2347
2348
2349
2350
2351
2352
2353
2354
2355
2356
2357
2358
2359
2360
2361
2362
2363
2364
2365
2366
2367
2368
2369
2370
2371
2372
2373
2374
2375
2376
2377
2378
2379
2380
2381
2382
2383
2384
2385
2386
2387
2388
2389
2390
2391
2392
2393
2394
2395
2396
2397
2398
2399
2400
2401
2402
2403
2404
2405
2406
2407
2408
2409
2410
2411
2412
2413
2414
2415
2416
2417
2418
2419
2420
2421
2422
2423
2424
2425
2426
2427
2428
2429
2430
2431
2432
2433
2434
2435
2436
2437
2438
2440
2441
2442
2443
2444
2445
2446
2447
2448
2449
2450
2452
2453
2454
2455
2456
2457
2458
2459
2460
2461
2462
2463
2464
2465
2466
2467
2468
2469
2470
2471
2472
2473
2478
2479
2480
2481
2482
2483
2484
2485
2486
2487
2488
2489
2490
2491
2496
2497
2498
2499
2500
2501
2505
2509
2510
2511
2512
2513
2514
2515
2516
2517
2521
2522
2523
2524
2525
2526
2527
2528
2529
2530
2531
2532
2533
2534
2535
2536
2537
2538
2539
2540
2544
2545
2546
2547
2548
2549
2550
2551
2552
2553
2554
2555
2556
2557
2558
2559
2560
2561
2562
2563